978
809
882
802
547
484
339
473
204
402
436
987
966
212
283
856
625
202
375
787
7
321
346
800
194
692
786
155
626
160
217
256
384
610
84
305
792
917
395
263
121
488
229
801
819
606
961
193
478
150
633
905
393
824
368
142
291
107
946
41
629
689
380
743
500
448
31
146
104
482
726
992
649
587
451
591
149
789
396
321
625
46
911
56
927
998
29
813
295
642
700
431
807
372
188
122
41
779
947
374
407
150
217
592
942
491
507
933
869
78
105
793
730
616
736
792
127
592
907
581
709
135
294
465
275
416
172
222
953
499
944
805
271
95
519
324
528
823
695
122
983
75
37
176
203
552
478
941
62
574
490
149
28
268
399
778
367
483
868
501
930
133
497
828
252
569
996
837
982
263
19
823
332
987
661
822
666
824
54
490
431
910
442
381
918
372
481
65
742
555
72
373
477
719
597
398
693
385
906
368
59
439
327
692
560
552
11
154
303
859
154
417
466
650
176
466
969
238
215
547
681
865
216
643
440
125
549
328
245
953
643
464
247
438
951
640
913
635
148
388
267
132
897
672
684
479
737
178
173
822
96
757
595
759
199
409
312
142
763
124
773
132
50
972
948
951
519
824
997
61
151
624
640
969
157
106
842
512
938
764
698
389
621
113
499
610
251
174
964
239
419
929
661
779
701
185
242
437
931
100
291
65
230
18
166
629
103
563
73
404
980
884
36
981
801
252
711
730
284
728
162
857
97
376
903
561
677
657
610
412
811
297
139
91
572
160
512
554
311
484
239
840
215
868
751
487
839
784
671
890
89
736
163
564
776
44
15
452
417
75
339
363
188
394
233
165
373
435
397
804
450
277
633
813
208
939
62
483
633
412
14
347
738
96
538
126
510
503
231
907
801
267
330
336
485
854
673
547
154
220
436
311
311
36
266
1000
593
663
324
615
31
16
238
116
919
356
627
494
12
716
727
737
257
165
34
763
925
331
272
845
966
108
938
852
377
838
412
218
659
423
813
157
761
905
407
755
977
500
991
104
473
785
151
566
454
671
645
648
185
635
115
742
883
427
882
539
436
939
340
681
550
585
641
669
215
169
964
414
987
256
781
885
393
446
854
584
20
833
620
573
265
974
712
869
688
276
347
175
130
939
730
698
801
448
977
173
313
314
627
958
439
205
973
55
299
602
29
651
745
747
838
821
492
388
47
418
371
35
680
908
262
461
189
473
510
727
574
592
760
935
180
240
97
353
714
761
365
752
425
771
766
664
118
865
180
320
654
572
417
517
155
573
776
730
842
354
262
260
881
515
594
738
936
926
233
434
646
130
902
284
24
434
824
733
164
36
638
332
488
550
109
372
391
430
300
304
946
350
878
265
974
81
587
952
684
451
103
66
521
742
373
352
343
248
402
306
668
75
346
217
684
128
217
176
464
525
454
310
163
970
401
599
544
544
24
72
762
534
49
868
819
300
497
823
396
509
225
52
989
742
860
22
28
642
293
963
224
899
532
883
206
961
236
683
63
557
130
549
995
215
461
530
857
359
833
918
216
549
886
631
336
373
831
456
81
168
996
692
749
450
509
381
41
587
523
182
907
515
438
44
14
99
58
774
318
124
239
842
255
874
382
311
509
430
759
881
237
384
412
522
789
82
340
396
162
189
209
861
727
158
514
287
820
38
254
526
195
173
16
688
737
663
249
188
998
978
131
138
806
429
781
450
831
176
197
643
770
291
549
341
923
212
808
279
179
468
670
296
353
829
775
214
830
213
247
901
437
965
796
171
259
20
158
893
718
694
567
126
926
592
982
203
848
576
11
347
681
205
362
188
600
78
948
517
376
229
84
952
378
29
302
632
393
888
766
926
398
845
520
313
962
807
829
380
501
629
882
60
881
517
300
196
912
619
418
249
443
629
394
799
418
388
281
837
811
322
45
877
658
708
459
924
125
185
681
703
812
369
249
717
554
774
878
446
64
909
460
294
174
582
660
602
906
759
7
665
112
830
918
368
380
16
766
793
192
863
995
776
719
938
62
683
68
864
101
356
736
120
934
842
737
82
1
300
729
952
213
739
726
496
216
825
836
588
386
556
743
161
53
404
325
372
832
812
74
335
518
858
148
915
91
944
251
493
466
509
417
134
336
971
579
565
862
24
700
963
244
837
425
479
156
828
829
938
403
561
706
998
836
822
608
591
477
895
9
688
184
324
107
652
797
104
427
423
285
292
684
183
117
399
182
95
206
12
728
661
262
605
599
456
722
383
339
89
380
691
883
831
801
354
594
331
587
916
165
872
48
591
326
913
873
522
262
794
433
161
974
823
34
208
392
612
718
486
259
404
254
13
726
313
890
514
169
158
676
930
798
971
944
178
380
759
759
737
158
648
161
110
369
344
175
717
60
599
639
762
37
138
206
459
900
491
437
317
661
438
351
154
384
821
4
496
412
419
830
132
526
556
581
792
650
247
779
60
315
154
728
797
868
793
909
588
528
939
848
223
559
484
64
119
268
419
105
158
655
453
605
475
201
608
490
891
781
273
471
693
870
524
963
336
766
656
42
127
415
525
960
681
486
149
481
901
476
681
688
884
471
983
119
280
489
566
712
824
932
273
254
498
195
826
5
85
368
62
510
514
872
260
830
340
695
376
326
913
813
305
314
756
16
858
296
967
477
34
925
744
756
468
271
318
187
35
814
878
455
570
416
887
125
253
910
280
37
951
752
990
280
766
211
489
728
89
172
502
911
201
746
415
948
203
851
226
921
338
55
570
99
806
187
537
269
871
455
770
742
698
910
705
19
998
355
472
637
184
559
497
20
700
398
265
578
187
865
72
301
697
775
232
30
839
615
773
487
218
754
262
890
500
549
311
267
619
194
655
774
494
108
497
432
704
767
572
91
205
65
479
127
637
597
186
883
302
228
712
238
528
194
699
196
215
881
561
237
996
745
900
212
13
411
648
53
721
163
852
995
138
601
766
531
97
955
60
848
821
165
425
323
78
354
319
75
579
601
98
591
772
54
348
508
143
3
833
730
701
304
693
141
289
540
77
366
247
958
783
223
39
232
707
439
802
346
25
185
168
537
312
785
23
188
302
130
253
956
941
869
491
806
413
415
43
980
661
853
835
415
289
241
621
197
755
286
804
702
632
941
274
164
74
952
109
899
19
956
528
395
641
253
497
687
784
931
129
852
82
346
283
127
736
300
919
899
771
315
257
767
91
484
641
98
593
682
731
397
754
722
669
152
828
461
553
361
323
948
727
162
95
160
735
812
405
963
223
466
890
632
609
466
596
423
654
875
135
922
260
31
372
224
694
719
70
20
35
799
86
914
218
376
112
24
670
257
796
44
340
899
11
870
482
689
597
375
88
858
266
268
94
423
277
114
909
279
999
919
337
119
604
327
534
727
756
948
483
87
993
258
747
27
789
929
545
833
639
79
22
246
984
425
505
29
442
569
687
76
671
375
310
903
432
315
815
170
352
247
648
269
41
607
669
896
477
411
266
428
698
813
828
627
737
893
253
368
407
696
265
238
834
589
760
528
346
868
277
100
736
980
18
429
207
88
184
39
80
861
821
302
896
35
469
433
84
395
452
799
113
259
327
994
884
837
482
926
912
779
930
121
703
404
176
524
254
568
565
954
918
47
671
91
239
525
743
64
739
271
540
387
665
530
366
19
394
192
979
846
616
172
710
878
612
773
380
876
837
944
142
255
292
454
691
807
303
633
857
230
540
809
773
310
182
227
425
810
458
689
895
658
908
848
636
346
325
880
847
583
309
778
628
559
365
853
871
927
568
798
960
828
778
540
923
127
753
924
668
468
579
378
972
363
556
481
369
14
57
747
626
584
90
257
215
257
986
775
217
304
105
259
903
716
263
728
376
103
153
175
417
886
482
628
598
463
185
99
450
832
8
571
482
406
127
111
152
797
392
285
696
615
873
700
791
299
848
243
308
776
764
304
815
155
590
11
695
288
483
614
871
694
710
584
370
952
589
422
893
456
513
991
454
569
320
2
124
466
676
9
191
62
92
798
61
697
252
689
342
833
942
904
802
550
500
421
299
700
630
51
638
819
707
874
899
621
322
774
448
8
589
945
605
731
181
872
8
10
968
1
43
483
331
748
922
734
335
285
64
681
523
944
192
543
823
595
432
95
398
477
168
78
884
473
907
331
620
82
895
723
737
27
408
266
70
673
13
824
787
784
242
345
480
300
739
251
793
95
562
462
214
434
977
325
407
766
534
715
537
630
924
354
334
349
509
731
679
419
551
754
613
95
450
530
421
132
579
663
643
13
63
919
283
796
945
129
47
616
349
890
789
523
946
265
155
142
425
872
447
148
857
177
762
400
9
762
316
427
525
537
25
808
213
403
79
267
666
522
57
96
668
19
869
821
297
919
9
886
487
732
328
593
127
199
761
549
304
357
43
245
625
643
45
211
749
708
792
811
541
233
530
860
553
706
811
366
89
903
674
334
72
906
271
515
832
277
839
25
408
549
661
695
458
556
161
880
543
376
725
345
757
346
447
162
449
284
613