131
198
189
517
358
68
154
816
753
982
37
386
292
550
564
390
989
990
571
998
359
833
504
204
540
69
742
54
477
603
150
101
919
914
308
829
263
942
968
809
49
177
998
608
73
551
393
292
739
844
222
711
269
57
701
612
223
338
665
723
123
89
176
304
465
846
661
742
889
443
24
839
808
39
821
712
311
750
749
551
302
630
516
223
326
348
189
838
829
399
302
495
593
167
937
104
188
214
319
912
251
749
258
508
514
580
509
112
429
677
492
374
563
5
781
334
968
622
992
533
696
441
266
222
577
459
35
539
5
9
747
743
708
152
464
616
168
576
856
664
966
617
64
641
539
367
879
198
935
431
65
876
339
767
62
724
504
956
486
514
730
663
665
328
355
770
414
472
459
518
374
103
454
327
582
392
111
588
389
650
823
371
920
758
649
709
261
658
480
296
570
668
997
125
668
377
216
975
763
504
96
142
74
495
948
826
160
148
93
642
282
15
779
55
276
538
517
270
669
852
437
700
501
13
485
374
871
200
22
695
220
820
490
230
209
365
421
151
526
501
467
827
218
22
247
511
823
765
738
799
786
448
321
896
996
985
447
187
827
410
465
154
557
345
804
942
523
437
628
719
934
558
441
145
201
1000
482
524
487
940
898
735
502
985
29
408
820
590
137
936
875
519
692
644
663
968
803
685
625
361
415
94
264
731
271
373
264
857
428
656
521
939
703
534
199
282
116
791
932
888
166
128
659
309
180
267
156
696
251
349
653
487
280
101
482
186
27
105
79
724
147
719
931
322
24
604
616
417
880
887
549
613
442
135
968
676
506
132
147
285
988
83
692
480
385
158
629
808
585
129
163
925
896
755
439
67
289
612
354
976
846
69
577
740
680
265
872
554
795
504
252
66
606
478
30
620
907
148
453
244
642
913
914
750
781
688
872
993
368
9
520
846
971
719
723
710
250
733
373
841
23
629
82
752
76
764
36
100
874
168
28
429
509
557
605
984
445
100
180
742
646
898
355
305
656
265
417
578
892
672
906
587
355
351
122
908
332
363
69
357
291
332
911
792
830
944
566
6
253
210
954
326
188
181
569
98
996
853
770
490
133
875
766
410
367
960
905
817
904
326
530
853
924
672
323
183
442
541
884
776
854
901
337
930
833
340
362
976
132
834
581
400
120
417
918
330
957
939
941
136
894
988
469
133
496
115
507
50
13
549
504
524
238
483
740
604
670
457
795
192
137
519
636
970
277
207
51
747
858
908
123
563
943
214
459
633
451
787
802
309
184
937
306
230
791
987
645
538
880
290
836
989
921
521
467
598
772
199
250
262
116
585
645
988
909
154
673
959
87
965
24
560
628
139
366
703
452
766
177
185
943
423
95
722
891
165
28
976
522
912
506
789
737
385
122
157
708
30
998
463
455
69
257
105
96
160
817
278
644
474
210
266
609
206
900
705
182
88
302
603
503
432
751
633
735
437
293
860
684
936
664
585
481
762
858
241
514
417
433
803
789
671
208
439
9
494
999
719
485
984
542
40
580
735
102
256
144
918
703
767
657
326
685
951
343
285
938
695
204
666
626
254
240
640
116
877
1
144
992
129
25
447
20
624
43
683
924
395
170
174
371
261
243
579
486
221
628
627
81
523
853
953
901
23
171
150
311
432
94
869
345
811
292
113
544
744
872
859
590
53
910
175
890
389
660
98
576
927
882
329
549
683
867
897
215
754
911
529
960
10
453
366
795
129
728
372
324
671
744
594
304
944
195
247
300
382
618
364
61
195
267
129
548
937
195
975
804
930
129
211
571
1
223
981
824
860
700
700
260
783
1
611
854
480
307
4
184
89
792
376
853
846
876
681
275
719
37
148
29
12
25
189
493
246
875
85
183
171
978
253
549
718
484
25
820
382
752
727
416
695
653
289
301
896
493
681
597
980
943
56
878
660
420
150
77
286
935
517
422
907
106
998
253
966
835
889
60
604
441
476
665
891
729
731
385
624
908
699
978
985
704
506
994
467
639
880
877
944
293
975
239
517
347
378
135
865
360
870
355
740
455
192
371
566
643
141
951
185
116
99
981
632
986
732
136
123
30
456
912
711
506
210
393
57
6
934
594
256
799
374
12
11
97
610
200
539
771
384
187
982
91
419
590
492
210
285
259
801
330
665
105
581
249
412
619
915
542
444
843
576
989
564
272
856
960
654
242
470
976
358
762
521
651
193
496
509
38
200
776
919
396
777
927
28
209
799
245
45
185
57
684
183
548
632
467
924
607
992
704
411