650
60
463
269
643
899
297
140
10
647
965
683
319
208
100
210
833
778
524
680
844
280
521
830
611
767
584
429
236
113
362
201
335
524
222
419
973
140
607
146
819
201
397
614
283
917
1000
744
665
302
496
535
467
160
377
798
580
61
25
847
69
30
249
453
554
526
379
329
621
803
547
670
496
129
780
124
564
260
540
132
395
892
346
693
578
381
896
662
488
615
489
682
795
699
963
409
564
129
939
535
432
411
704
261
681
236
126
770
179
690
735
365
326
971
661
514
300
80
103
886
145
467
321
176
409
769
61
100
215
932
261
631
657
226
296
687
535
9
783
288
972
727
849
936
502
327
702
789
898
609
703
217
736
914
373
608
134
24
713
328
78
193
23
981
711
42
717
532
556
898
629
653
352
89
956
18
708
28
348
202
555
649
360
68
691
880
633
866
345
286
824
687
547
133
54
135
41
438
92
450
62
416
54
917
263
662
9
677
248
230
598
1000
105
335
897
48
211
990
816
392
770
771
393
77
210
862
182
639
18
748
317
283
28
471
828
316
882
274
427
490
559
794
55
685
767
348
701
320
551
317
210
376
133
853
556
2
575
23
951
573
331
862
526
804
814
929
174
810
545
67
907
662
725
129
5
195
244
37
814
509
625
806
753
660
675
610
802
73
103
473
553
505
139
468
678
851
464
979
957
379
48
513
769
970
462
238
871
171
342
151
802
667
286
16
753
420
153
576
878
666
8
531
657
611
299
354
263
768
954
855
813
404
125
664
225
758
115
733
162
670
856
908
311
817
60
71
171
245
321
375
109
643
295
974
97
172
183
973
918
120
541
558
229
956
897
625
696
581
904
792
291
7
305
783
187
814
27
378
99
915
565
849
571
975
304
685
411
813
388
93
763
758
175
190
854
881
249
260
752
934
205
572
589
744
490
529
706
652
520
576
61
481
186
417
895
879
681
220
816
137
998
654
597
116
454
770
338
565
307
760
553
463
240
406
717
224
835
133
40
676
262
915
496
210
980
90
824
689
791
926
244
903
750
983
212
953
348
602
241
671
113
277
35
45
29
455
53
421
286
504
157
15
790
181
487
41
825
204
848
20
190
430
22
342
488
663
897
788
977
926
731
910
879
719
691
220
283
849
382
762
655
714
698
473
399
808
829
450
460
267
716
198
909
25
348
695
464
296
242
133
906
873
545
651
823
173
649
273
122
941
742
175
460
561
863
509
306
300
691
17
470
895
805
469
136
328
511
26
690
516
137
425
429
368
978
458
646
934
650
638
793
986
124
681
535
923
52
442
106
383
543
317
113
405
190
975
40
70
940
142
291
198
552
385
203
741
193
875
485
406
584
571
994
607
790
47
28
100
308
567
202
861
511
300
834
195
623
906
36
662
921
205
204
370
909
387
490
549
253
905
643
702
330
790
116
979
224
731
136
150
288
376
645
337
635
839
687
914
492
243
989
418
714
872
828
598
992
811
73
924
87
638
524
507
476
561
25
910
482
612
802
98
452
775
601
170
605
457
950
827
905
250
460
797
518
655
472
669
659
230
506
505
873
305
449
172
635
991
765
506
645
626
912
712
815
852
401
742
599
34
541
904
630
544
572
682
754
718
78
911
336
787
752
884
748
740
891
97
836
611
178
87
729
295
10
928
535
261
46
656
904
464
67
808
621
917
225
203
424
302
542
19
807
323
187
778
774
619
893
843
444
34
273
280
349
722
338
908
303
597
818
315
153
528
854
573
292
180
893
12
99
301
660
155
904
122
731
793
760
547
134
744
281
601
708
424
847
86
908
728
298
360
947
199
880
3
373
733
233
239
131
839
435
118
203
979
906
231
962
709
164
451
420
454
947
410
171
678
870
438
67
721
453
241
975
746
748
819
835
340
781
380
466
689
419
943
363
871
227
625
47
625
392
36
325
524
802
719
848
751
579
484
946
473
485
879
299
466
82
250
620
978
956
482
432
457
867
56
362
610
70
937
334
938
866
455
777
557
293
591
45
280
62
346
274
120
249
212
618
650
833
906
944
788
718
410
2
372
310
851
635
529
234
158
178
112
928
372
664
787
661
844
670
332
893
284
610
423
755
119
483
188
882
358
982
188
996
414
605
415
576
146
634
592
457
940
997
44
824
642
502
985
767
144
877
157
303
134
446
725
568
775
420
110
166
300
181
783
738
260
174
935
964
833
429
94
70
991
437
771
800
375
899
594
478
79
505
408
113
39
765
672
334
868
718
247
799
914
665
468
268
990
924
335
279
159
53
791
348
876