858
544
275
424
83
705
725
325
557
652
113
668
912
316
329
186
726
594
302
615
167
479
655
486
482
639
105
481
852
500
356
30
266
369
156
718
653
291
547
252
427
816
127
481
33
415
662
793
570
742
823
109
611
721
295
739
960
424
587
919
561
161
39
576
159
224
950
310
476
278
708
627
86
542
697
183
772
305
610
663
158
159
503
211
667
794
341
646
115
553
894
463
80
642
306
932
175
347
600
135
714
549
819
446
74
28
749
828
920
305
137
493
306
661
446
571
29
711
122
755
224
83
106
102
397
83
818
593
307
261
199
508
844
845
244
629
957
695
515
880
406
858
449
521
455
163
223
288
943
351
302
10
811
999
999
802
757
128
543
788
116
260
167
502
148
242
194
795
243
482
380
633
690
282
543
742
497
696
676
445
342
929
436
685
743
120
291
788
839
995
69
432
841
904
753
217
270
449
933
907
675
102
442
81
574
996
809
335
455
692
94
669
569
470
456
318
744
689
778
592
124
787
342
489
246
712
499
815
262
979
15
222
636
292
855
464
439
901
824
740
736
180
237
569
640
225
636
216
829
803
311
306
312
865
366
615
333
204
955
48
250
788
512
363
170
330
696
22
391
371
654
161
749
943
625
814
895
10
723
293
348
337
12
931
575
284
572
955
470
898
446
910
688
522
97
859
312
861
732
414
674
209
309
502
804
490
131
817
135
117
964
540
441
560
662
33
326
107
345
266
930
512
949
856
137
384
271
177
39
152
813
734
810
913
501
889
684
254
468
692
880
405
310
53
394
297
535
368
937
98
567
210
184
783
297
602
595
879
493
915
115
950
563
151
326
770
455
32
761
612
608
495
450
828
549
844
961
417
767
281
620
891
524
990
24
232
394
774
987
972
396
917
383
252
503
342
381
123
541
311
409
949
834
83
413
141
219
461
972
23
161
642
540
810
387
19
168
281
240
627
667
768
381
246
84
1
620
214
559
520
697
816
358
134
673
823
614
232
678
849
981
224
988
277
650
908
441
288
476
891
149
960
251
935
404
888
181
684
334
176
705
851
824
991
344
847
42
272
193
70
740
841
182
55
980
985
505
34
668
424
802
334
78
829
583
341
150
82
47
406
191
893
90
952
215
989
63
732
254
834
423
633
318
951
386
252
498
755
500
258
838
476
64
75
424
551
452
993
564
525
425
534
690
390
14
908
687
369
66
845
251
930
699
1
574
101
387
556
916
991
571
252
913
441
704
814
493
244
781
855
576
518
549
472
593
408
730
487
457
203
142
163
334
811
526
500
36
253
804
359
24
505
695
829
30
988
559
558
844
461
464
397
359
902
951
795
449
288
49
646
933
389
605
738
887
665
1
934
570
303
538
843
50
322
777
354
191
799
562
137
812
388
383
103
24
965
743
275
736
69
928
705
623
764
826
218
627
425
988
767
301
792
199
845
60
908
564
215
167
143
320
203
781
802
322
880
715
754
608
496
822
692
559
332
282
695
396
108
982
999
735
912
758
480
381
963
386
771
179
507
429
917
983
51
628
547
902
269
731
420
933
811
35
484
176
916
81
494
903
934
677
952
611
194
398
9
180
121
848
106
744
960
638
188
422
201
770
872
430
654
568
841
950
327
796
108
188
366
574
317
338
899
408
806
423
50
133
942
819
623
497
995
583
132
722
965
268
221
860
501
925
255
218
621
108
341
750
386
429
618
348
737
103
277
557
133
17
247
400
468
165
572
877
604
421
232
668
388
335
918
589
870
887
405
991
179
573
862
975
762
434
354
922
261
507
632
990
346
837
968
129
572
482
509
494
518
23
151
379
936
65
916
461
476
885
736
492
465
799
856
543
92
125
958
988
191
943
673
585
992
349
252
858
320
232
807
234
460
612
708
387
580
268
947
869
842
708
156
674
305
701
372
236
985
854
737
863
566
942
949
117
241
334
500
421
819
844
984
612
714
899
147
354
259
247
305
194
119
942
836
302
717
700
393
449
637
74
836
809
875
521
585
28
75
771
901
775
839
548
743
205
646
333
114
582
477
392
293
209
671
944
494
680
288
685
795
900
563
547
728
892
898
854
830
479
362
64
446
228
354
364
841
737
379
52
912
251
462
656
528
293
886
96
289
15
355
245
121
84
78
231
828
310
585
381
275
527
846
774
434
34
993
82
50
301
393
588
397
653
663
976
248
960
53
222
264
555
740
465
924
152
959
221
853
230
610
709
279
327
164
51
199
201
183
438
932
746
828
378
731
645
166
775
275
543
724
673
710
321
856
266
600
221
902
805
597
82
298
294
611
67
421
514
66
803
679
226
134
910
217
407
340
229
425
657
981
166
98
594
956
775
995
513
91
384
594
374
610
646
141
366
324
579
505
931
323
562
665
249
623
190
371
582
875
867
935
883
931
317
468
570
763
699
164
407
456
113
249
579
264
145
898
791
475
292
823
424
581
879
914
582
748
23
111
730
567
253
930
438
443
955
576
865
955
793
355
684
491
520
444
729
930
240
902
794
200
653
976
845
187
860
869
353
280
193
242
498
47
265
591
26
307
661
618
912
343
996
242
109
178
740
275
981
174
41
40
480
810
693
20
723
360
655
580
125
166
675
410
792
169
11
829
351
646
118
521
306
363
688
362
265
299
840
472
571
530
755
625
2
115
132
107
863
353
313
111
951
624
710
937
367
911
374
936
545
358
664
356
969
758
755
201
324
650
205
143
72
536
5
521
507
749
297
44
176
604
532
580
245
803
59
653
265
298
510
843
675
72
320
676
665
439
380
420
934
18
523
725
414
221
626
348
719
980
389
867
590
865
62
61
484
968
413
924
64
31
13
360
495
998
47
403
691
642
17
957
231
565
817
137
169
401
897
252
899
488
275
400
949
577
491
12
207
134
267
856
227
876
136
164
626
630
906
671
344
383
2
672
112
267
982
179
141
271
396
707
149
490
986
621
360
511
832
508
225
516
738
424
226
677
854
869
203
148
124
425
131
217
297
297
98
26
247
627
867
522
517
329
497
85
382
175
88
585
202
860
373
914
575
221
756
139
855
349
139
351
675
677
724
261
804
246
382
163
475
296
410
251
226
229
297
377
382
798
73
666
863
796
23
929
705
681
89
505
625
773
655
772
905
324
439
195
511
391
902
464
144
468
332
330
527
880
966
379
306
352
112
876
332
592
512
133
79
22
655
595
278
629
522
52
527
117
216
991
861
472
505
701
948
589
157
623
603
128
640
393
380
835
341
108
284
779
534
685
533
353
544
554
469
623
125
522
527
439
434
854
407
639
63
108
25
681
358
946
265
284
42
823
413
419
45
185
877
146
882
305
967
399
697
968
242
487
897
968
789
866
487
147
341
410
962
387
639
946
477
626
323
7
685
343
614
217
30
396
711
861
32
995
901
367
497
987
130
893
193
555
51
988
82
869
402
883
425
362
426
697
680
337
176
794
708
617
940
418
912
700
533
815
797
611
290
231
54
517
753
720
196
889
525
776
648
829
389
635
365
387
944
290
220
508
762
590
226
118
127
956
262
348
332
712
84
689
774
142
955
303
508
286
49
546
288
718
435
386
542
866
349
24
973
518
969
143
28
809
186
901
939
798
528
527
158
480
773
6
11
323
141
565
109
770
236
210
388
907
918
556
288
628
462
510
46
656
90
612
626
60
49
129
922
953
906
981
547
335
538
966
639
145
819
40
411
488
737
496
705
688
772
574
36
578
679
579
423
783
511
552
193
340
527
915
838
932
382
150
469
620
142
744
811
39
115
601
463
211
83
239
418
80
667
609
720
979
607
219
949
17
869
650
318
650
358
275
980
837
163
598
552
853
675
713
253
407
994
57
171
175
744
942
235
226
445
937
996
565
289
455
807
486
950
393
387
362
691
299
901
190
717
321
230
640
537
280
974
271
230
547
963
354
196
688
555
665
491
341
358
30
254
396
711
417
850
599
241
943
874
93
424
302
285
343
593
518
384
749
663
498
895
629
515
369
157
178
663
258
809
104
37
694
403
106
620
712
545
827
919
972
970
331
938
735
288
338
555
187
685
204
412
366
963
420
933
408
450
790
946
807
92
666
900
188
390
890
347
851
393
253
183
999
678
488
208
107
894
790
573
123
449
360
795
43
4
951
934
712
58
293
719
49
110
511
289
334
841
970
561
93
101
702
817
199
320
81
596
395
700
176
916
720
434
571
311
960
541
464
816
961
761
144
159
4
613
327
91
896
414
39
619
71
478
612
316
471
892
226
739
135
13
132
18
325
913
401
723
493
368
536
474
840
591
340
740
316
899
416
380
316
59
103
864
122
999
990
200
370
322
497
255
334
848
898
281
748
854
296
433
776
177
918
697
332
984
766
681
490
538
492
623
440
915
859
435
597
678
967
947
247
637
767
570
30
329
409
800
832
219
125
539
117
202
179
674
147
275
479
761
593
944
67
945
665
412
236
955
526
400
573
967
705
944
383
11
666
784
293
493
504
486
68
55
28
229
893
470
877
183
768
943
804
129
964
748
629
238
502
763
640
109
427
318
636